0 29
1 19
2 24
3 24
4 26
5 28
6 23
7 26
8 19
9 29
10 20
11 23
12 27
13 18
14 22
15 27
16 22
17 28
18 25
19 22
20 25
21 29
22 23
23 29
24 28
25 25
26 26
27 26
28 19
29 25
30 23
31 24
32 25
33 22
34 28
35 18
36 21
37 23
38 24
39 32
40 24
41 25
42 26
43 28
44 25
45 28
46 30
47 26
48 25
49 24
50 22
51 33
52 26
53 19
54 19
55 31
56 28
57 21
58 22
59 27
60 27
61 26
62 20
63 30
64 33
65 30
66 24
67 21
68 22
69 26
70 31
71 24
72 32
73 20
74 18
75 23
76 29
77 21
78 30
79 27
80 30
81 28
82 24
83 25
84 23
85 26
86 30
87 26
88 20
89 24
90 22
91 23
92 26
93 28
94 27
95 28
96 23
97 19
98 25
99 28
100 26
101 27
102 21
103 24
104 30
105 23
106 22
107 20
108 32
109 32
110 25
111 19
112 27
113 27
114 20
115 19
116 23
117 28
118 18
119 19
120 28
121 22
122 32
123 33
124 21
125 23
126 24
127 25
128 25
129 26
130 22
131 29
132 23
133 22
134 29
135 28
136 28
137 27
138 25
139 26
140 25
141 24
142 25
143 28
144 24
145 35
146 28
147 24
148 23
149 22
150 25
151 27
152 25
153 25
154 20
155 30
156 21
157 27
158 25
159 17
160 24
161 24
162 24
163 22
164 34
165 22
166 23
167 25
168 22
169 25
170 29
171 27
172 18
173 19
174 29
175 27
176 20
177 23
178 22
179 31
180 33
181 28
182 28
183 30
184 25
185 27
186 28
187 23
188 23
189 25
190 29
191 30
192 29
193 26
194 14
195 31
196 22
197 34
198 26
199 19
200 24
201 32
202 21
203 23
204 32
205 24
206 19
207 19
208 24
209 20
210 35
211 18
212 25
213 20
214 21
215 24
216 15
217 27
218 27
219 22
220 18
221 21
222 33
223 19
224 22
225 28
226 21
227 23
228 24
229 22
230 25
231 27
232 20
233 26
234 26
235 30
236 30
237 33
238 30
239 25
240 28
241 25
242 28
243 24
244 28
245 26
246 26
247 26
248 29
249 19
250 30
251 25
252 21
253 20
254 24
255 23
256 30
257 24
258 27
259 27
260 23
261 31
262 22
263 24
264 27
265 16
266 31
267 21
268 21
269 24
270 32
271 27
272 25
273 36
274 21
275 29
276 20
277 31
278 21
279 23
280 25
281 29
282 29
283 35
284 25
285 25
286 23
287 20
288 17
289 22
290 25
291 29
292 24
293 25
294 27
295 28
296 18
297 28
298 25
299 25
300 14
301 28
302 23
303 22
304 26
305 25
306 28
307 26
308 23
309 26
310 30
311 22
312 26
313 30
314 32
315 16
316 23
317 28
318 22
319 24
320 23
321 29
322 28
323 31
324 18
325 24
326 20
327 27
328 24
329 22
330 22
331 22
332 17
333 22
334 26
335 23
336 23
337 18
338 23
339 21
340 17
341 28
342 18
343 18
344 17
345 27
346 22
347 25
348 24
349 29
350 25
351 20
352 26
353 23
354 27
355 24
356 19
357 26
358 21
359 19
360 18
361 25
362 29
363 23
364 27
365 29
366 24
367 24
368 27
369 25
370 26
371 21
372 23
373 25
374 21
375 27
376 19
377 24
378 21
379 26
380 25
381 28
382 18
383 22
384 25
385 20
386 24
387 23
388 22
389 18
390 24
391 25
392 24
393 23
394 24
395 22
396 21
397 32
398 17
399 28
400 22
401 30
402 18
403 25
404 27
405 22
406 17
407 21
408 25
409 31
410 26
411 18
412 25
413 23
414 23
415 23
416 27
417 22
418 23
419 18
420 23
421 22
422 23
423 20
424 31
425 27
426 27
427 20
428 25
429 22
430 24
431 23
432 21
433 25
434 23
435 26
436 17
437 21
438 27
439 19
440 22
441 24
442 23
443 15
444 27
445 20
446 20
447 25
448 21
449 24
450 25
451 23
452 18
453 23
454 19
455 21
456 20
457 20
458 25
459 29
460 26
461 24
462 20
463 22
464 23
465 21
466 19
467 21
468 21
469 30
470 25
471 20
472 19
473 24
474 27
475 27
476 22
477 18
478 24
479 14
480 19
481 25
482 18
483 24
484 20
485 29
486 22
487 28
488 24
489 23
490 24
491 25
492 21
493 23
494 27
495 19
496 16
497 18
498 28
499 27
500 25
501 21
502 18
503 30
504 24
505 29
506 22
507 24
508 19
509 27
510 30
511 25
512 18
513 21
514 22
515 26
516 19
517 26
518 21
519 25
520 23
521 27
522 28
523 18
524 22
525 27
526 18
527 27
528 28
529 26
530 26
531 18
532 25
533 21
534 20
535 22
536 23
537 27
538 24
539 26
540 31
541 30
542 19
543 21
544 22
545 21
546 21
547 27
548 22
549 26
550 22
551 21
552 25
553 25
554 20
555 26
556 34
557 21
558 17
559 25
560 23
561 18
562 24
563 28
564 24
565 28
566 23
567 26
568 22
569 26
570 23
571 24
572 21
573 22
574 26
575 21
576 25
577 28
578 24
579 28
580 25
581 27
582 27
583 26
584 31
585 25
586 19
587 23
588 23
589 21
590 25
591 21
592 16
593 21
594 26
595 30
596 23
597 23
598 23
599 27
600 25
601 25
602 26
603 23
604 17
605 24
606 31
607 20
608 23
609 29
610 20
611 27
612 22
613 21
614 26
615 25
616 17
617 19
618 27
619 22
620 26
621 15
622 20
623 25
624 25
625 26
626 24
627 16
628 23
629 22
630 26
631 28
632 15
633 20
634 27
635 28
636 25
637 19
638 23
639 22
640 17
641 24
642 24
643 26
644 23
645 23
646 29
647 18
648 29
649 19
650 14
651 31
652 28
653 22
654 21
655 19
656 23
657 26
658 31
659 21
660 15
661 18
662 26
663 21
664 23
665 26
666 25
667 18
668 28
669 27
670 31
671 20
672 22
673 27
674 20
675 23
676 23
677 21
678 25
679 26
680 25
681 23
682 27
683 28
684 29
685 23
686 22
687 21
688 26
689 25
690 18
691 17
692 22
693 21
694 21
695 20
696 20
697 28
698 24
699 26
700 26
701 25
702 24
703 26
704 28
705 30
706 28
707 23
708 21
709 22
710 20
711 28
712 28
713 32
714 26
715 24
716 30
717 24
718 31
719 26
720 28
721 32
722 29
723 22
724 35
725 22
726 25
727 31
728 23
729 27
730 21
731 27
732 24
733 27
734 30
735 22
736 28
737 29
738 30
739 23
740 29
741 24
742 23
743 31
744 27
745 24
746 25
747 24
748 31
749 26
750 29
751 32
752 26
753 19
754 19
755 26
756 25
757 18
758 27
759 21
760 24
761 19
762 23
763 25
764 23
765 23
766 29
767 21
768 20
769 29
770 29
771 27
772 23
773 27
774 30
775 30
776 26
777 15
778 28
779 30
780 28
781 28
782 25
783 30
784 29
785 27
786 28
787 22
788 28
789 20
790 24
791 25
792 32
793 20
794 30
795 28
796 17
797 21
798 31
799 24
800 25
801 31
802 27
803 33
804 19
805 33
806 27
807 26
808 29
809 25
810 17
811 25
812 25
813 37
814 23
815 24
816 16
817 28
818 22
819 23
820 32
821 29
822 26
823 24
824 26
825 22
826 26
827 33
828 31
829 34
830 26
831 26
832 33
833 33
834 27
835 22
836 28
837 21
838 32
839 27
840 24
841 25
842 21
843 23
844 30
845 25
846 27
847 26
848 31
849 28
850 29
851 21
852 24
853 26
854 29
855 21
856 29
857 24
858 28
859 31
860 29
861 31
862 26
863 23
864 30
865 24
866 28
867 31
868 21
869 24
870 30
871 26
872 20
873 21
874 17
875 27
876 27
877 23
878 26
879 23
880 28
881 28
882 24
883 27
884 23
885 27
886 26
887 29
888 25
889 29
890 33
891 31
892 26
893 29
894 26
895 32
896 31
897 30
898 23
899 25
900 25
901 29
902 27
903 24
904 27
905 25
906 22
907 29
908 27
909 15
910 27
911 23
912 28
913 23
914 28
915 22
916 28
917 26
918 18
919 21
920 17
921 29
922 24
923 27
924 21
925 26
926 22
927 21
928 19
929 31
930 24
931 21
932 26
933 27
934 39
935 25
936 22
937 23
938 20
939 20
940 20
941 21
942 28
943 26
944 26
945 21
946 24
947 25
948 24
949 19
950 23
951 32
952 21
953 16
954 23
955 21
956 22
957 25
958 23
959 16
960 28
961 23
962 18
963 22
964 19
965 27
966 22
967 22
968 18
969 28
970 24
971 23
972 27
973 25
974 24
975 20
976 19
977 23
978 28
979 20
980 24
981 26
982 17
983 18
984 16
985 16
986 19
987 24
988 28
989 25
990 27
991 29
992 24
993 19
994 21
995 26
996 21
997 18
998 32
999 19
1000 25
1001 29
1002 17
1003 27
1004 23
1005 18
1006 22
1007 24
1008 21
1009 16
1010 28
1011 15
1012 23
1013 21
1014 20
1015 28
1016 22
1017 19
1018 27
1019 15
1020 24
1021 26
1022 27
1023 25
1024 19
1025 17
1026 16
1027 21
1028 26
1029 20
1030 16
1031 18
1032 23
1033 15
1034 25
1035 24
1036 23
1037 24
1038 20
1039 16
1040 21
1041 24
1042 23
1043 27
1044 24
1045 22
1046 25
1047 17
1048 31
1049 29
1050 23
1051 27
1052 24
1053 22
1054 21
1055 24
1056 23
1057 22
1058 21
1059 25
1060 24
1061 20
1062 28
1063 22
1064 17
1065 24
1066 27
1067 21
1068 22
1069 26
1070 26
1071 25
1072 23
1073 24
1074 22
1075 21
1076 19
1077 25
1078 25
1079 27
1080 17
1081 25
1082 23
1083 23
1084 24
1085 17
1086 28
1087 26
1088 27
1089 20
1090 18
1091 27
1092 18
1093 15
1094 18
1095 16
1096 29
1097 19
1098 24
1099 22
1100 21
1101 24
1102 25
1103 27
1104 17
1105 22
1106 18
1107 15
1108 22
1109 21
1110 26
1111 23
1112 18
1113 15
1114 23
1115 13
1116 15
1117 22
1118 17
1119 22
1120 19
1121 19
1122 25
1123 16
1124 19
1125 19
1126 18
1127 19
1128 20
1129 22
1130 18
1131 25
1132 20
1133 12
1134 24
1135 18
1136 24
1137 19
1138 22
1139 16
1140 21
1141 21
1142 29
1143 29
1144 24
1145 19
1146 20
1147 21
1148 26
1149 29
1150 22
1151 16
1152 20
1153 27
1154 19
1155 20
1156 25
1157 22
1158 24
1159 22
1160 16
1161 30
1162 19
1163 17
1164 15
1165 18
1166 21
1167 25
1168 21
1169 22
1170 22
1171 16
1172 14
1173 15
1174 21
1175 27
1176 24
1177 17
1178 18
1179 22
1180 19
1181 23
1182 29
1183 20
1184 24
1185 21
1186 25
1187 20
1188 24
1189 25
1190 24
1191 25
1192 22
1193 27
1194 19
1195 22
1196 19
1197 29
1198 23
1199 28
1200 23
1201 24
1202 15
1203 29
1204 29
1205 21
1206 15
1207 17
1208 24
1209 24
1210 25
1211 18
1212 20
1213 23
1214 24
1215 29
1216 19
1217 17
1218 26
1219 19
1220 25
1221 25
1222 20
1223 17
1224 26
1225 31
1226 11
1227 20
1228 27
1229 28
1230 20
1231 26
1232 18
1233 25
1234 24
1235 34
1236 29
1237 26
1238 21
1239 23
1240 21
1241 18
1242 23
1243 26
1244 18
1245 21
1246 17
1247 15
1248 25
1249 18
1250 19
1251 26
1252 24
1253 20
1254 25
1255 28
1256 14
1257 30
1258 29
1259 22
1260 24
1261 30
1262 32
1263 25
1264 20
1265 20
1266 20
1267 29
1268 21
1269 29
1270 25
1271 21
1272 21
1273 18
1274 27
1275 19
1276 20
1277 18
1278 20
1279 19
1280 25
1281 18
1282 23
1283 35
1284 26
1285 32
1286 25
1287 29
1288 26
1289 25
1290 22
1291 28
1292 24
1293 18
1294 24
1295 28
1296 24
1297 26
1298 19
1299 22
1300 21
1301 25
1302 24
1303 27
1304 18
1305 27
1306 27
1307 28
1308 21
1309 31
1310 22
1311 17
1312 34
1313 21
1314 27
1315 22
1316 20
1317 30
1318 26
1319 20
1320 19
1321 32
1322 25
1323 24
1324 19
1325 24
1326 17
1327 27
1328 25
1329 20
1330 34
1331 24
1332 26
1333 23
1334 24
1335 25
1336 20
1337 21
1338 24
1339 19
1340 21
1341 21
1342 13
1343 21
1344 23
1345 29
1346 25
1347 30
1348 20
1349 22
1350 32
1351 23
1352 26
1353 24
1354 27
1355 28
1356 22
1357 25
1358 25
1359 20
1360 18
1361 28
1362 24
1363 28
1364 23
1365 22
1366 22
1367 26
1368 32
1369 33
1370 18
1371 21
1372 25
1373 31
1374 31
1375 17
1376 21
1377 28
1378 19
1379 22
1380 26
1381 22
1382 33
1383 32
1384 24
1385 33
1386 21
1387 19
1388 23
1389 27
1390 29
1391 24
1392 20
1393 24
1394 31
1395 23
1396 27
1397 30
1398 30
1399 18
1400 29
1401 29
1402 23
1403 33
1404 23
1405 26
1406 24
1407 22
1408 20
1409 28
1410 24
1411 29
1412 20
1413 28
1414 25
1415 31
1416 30
1417 26
1418 29
1419 26
1420 28
1421 29
1422 25
1423 26
1424 29
1425 24
1426 28
1427 27
1428 22
1429 27
1430 33
1431 28
1432 25
1433 23
1434 25
1435 31
1436 27
1437 18
1438 26
1439 28
1440 18
1441 29
1442 20
1443 24
1444 15
1445 29
1446 35
1447 30
1448 25
1449 24
1450 23
1451 24
1452 21
1453 23
1454 22
1455 19
1456 25
1457 16
1458 23
1459 22
1460 27
1461 27
1462 20
1463 22
1464 25
1465 23
1466 32
1467 26
1468 24
1469 33
1470 21
1471 28
1472 22
1473 29
1474 23
1475 23
1476 22
1477 26
1478 23
1479 28
1480 24
1481 24
1482 24
1483 26
1484 25
1485 24
1486 27
1487 29
1488 22
1489 25
1490 25
1491 23
1492 28
1493 25
1494 25
1495 25
1496 28
1497 23
1498 27
1499 27
1500 28
1501 29
1502 23
1503 28
1504 27
1505 16
1506 21
1507 25
1508 28
1509 24
1510 23
1511 17
1512 25
1513 19
1514 22
1515 25
1516 24
1517 28
1518 15
1519 28
1520 22
1521 22
1522 22
1523 25
1524 20
1525 26
1526 25
1527 29
1528 22
1529 28
1530 14
1531 25
1532 30
1533 31
1534 25
1535 31
1536 26
1537 26
1538 23
1539 26
1540 17
1541 22
1542 22
1543 27
1544 21
1545 22
1546 26
1547 21
1548 29
1549 26
1550 24
1551 19
1552 21
1553 24
1554 25
1555 16
1556 29
1557 20
1558 19
1559 24
1560 31
1561 23
1562 27
1563 29
1564 30
1565 21
1566 22
1567 23
1568 22
1569 18
1570 27
1571 23
1572 28
1573 22
1574 30
1575 34
1576 25
1577 20
1578 28
1579 28
1580 32
1581 28
1582 31
1583 31
1584 26
1585 19
1586 23
1587 22
1588 24
1589 16
1590 20
1591 25
1592 26
1593 25
1594 25
1595 27
1596 26
1597 26
1598 21
1599 19
1600 26
1601 21
1602 26
1603 27
1604 18
1605 29
1606 24
1607 21
1608 26
1609 26
1610 26
1611 18
1612 19
1613 22
1614 26
1615 22
1616 23
1617 19
1618 24
1619 19
1620 31
1621 21
1622 28
1623 29
1624 22
1625 20
1626 25
1627 24
1628 31
1629 21
1630 23
1631 23
1632 22
1633 21
1634 25
1635 20
1636 30
1637 21
1638 18
1639 19
1640 17
1641 25
1642 22
1643 24
1644 30
1645 24
1646 20
1647 23
1648 22
1649 18
1650 24
1651 19
1652 27
1653 20
1654 17
1655 15
1656 27
1657 25
1658 30
1659 18
1660 20
1661 21
1662 23
1663 23
1664 20
1665 19
1666 25
1667 25
1668 26
1669 22
1670 21
1671 19
1672 14
1673 19
1674 20
1675 23
1676 21
1677 24
1678 24
1679 21
1680 26
1681 21
1682 24
1683 28
1684 26
1685 19
1686 23
1687 16
1688 19
1689 22
1690 23
1691 22
1692 26
1693 21
1694 27
1695 23
1696 25
1697 28
1698 22
1699 22
1700 26
1701 20
1702 24
1703 21
1704 25
1705 22
1706 20
1707 21
1708 27
1709 25
1710 22
1711 27
1712 16
1713 24
1714 23
1715 20
1716 24
1717 20
1718 27
1719 21
1720 20
1721 23
1722 26
1723 25
1724 22
1725 24
1726 24
1727 20
1728 24
1729 17
1730 28
1731 20
1732 18
1733 24
1734 24
1735 27
1736 18
1737 27
1738 19
1739 31
1740 25
1741 18
1742 21
1743 23
1744 29
1745 20
1746 22
1747 25
1748 17
1749 20
1750 30
1751 26
1752 22
1753 21
1754 23
1755 23
1756 19
1757 16
1758 31
1759 25
1760 17
1761 27
1762 17
1763 25
1764 19
1765 25
1766 20
1767 22
1768 21
1769 16
1770 25
1771 20
1772 27
1773 28
1774 15
1775 24
1776 24
1777 24
1778 27
1779 26
1780 19
1781 23
1782 27
1783 29
1784 26
1785 25
1786 16
1787 19
1788 21
1789 26
1790 22
1791 25
1792 26
1793 29
1794 22
1795 22
1796 20
1797 20
1798 20
1799 22
1800 23
1801 24
1802 24
1803 29
1804 22
1805 24
1806 23
1807 26
1808 29
1809 27
1810 16
1811 22
1812 28
1813 18
1814 26
1815 27
1816 21
1817 20
1818 21
1819 25
1820 20
1821 27
1822 24
1823 30
1824 26
1825 25
1826 26
1827 22
1828 24
1829 27
1830 26
1831 17
1832 28
1833 27
1834 27
1835 29
1836 24
1837 27
1838 30
1839 30
1840 21
1841 19
1842 19
1843 23
1844 22
1845 23
1846 36
1847 24
1848 22
1849 22
1850 36
1851 26
1852 22
1853 32
1854 32
1855 26
1856 26
1857 27
1858 29
1859 31
1860 26
1861 25
1862 20
1863 26
1864 20
1865 32
1866 29
1867 24
1868 20
1869 32
1870 30
1871 25
1872 32
1873 26
1874 28
1875 26
1876 30
1877 25
1878 27
1879 27
1880 25
1881 16
1882 22
1883 26
1884 24
1885 26
1886 21
1887 21
1888 24
1889 27
1890 37
1891 25
1892 25
1893 25
1894 25
1895 29
1896 25
1897 20
1898 25
1899 32
1900 24
1901 31
1902 23
1903 18
1904 29
1905 15
1906 25
1907 22
1908 15
1909 27
1910 33
1911 28
1912 25
1913 28
1914 29
1915 25
1916 26
1917 22
1918 27
1919 25
1920 26
1921 25
1922 32
1923 23
1924 27
1925 23
1926 27
1927 21
1928 28
1929 17
1930 23
1931 19
1932 29
1933 22
1934 23
1935 32
1936 26
1937 28
1938 26
1939 28
1940 22
1941 29
1942 28
1943 19
1944 29
1945 27
1946 25
1947 22
1948 28
1949 18
1950 25
1951 13
1952 23
1953 27
1954 23
1955 23
1956 20
1957 28
1958 24
1959 22
1960 25
1961 24
1962 26
1963 21
1964 26
1965 27
1966 24
1967 25
1968 19
1969 29
1970 21
1971 27
1972 28
1973 29
1974 21
1975 29
1976 25
1977 19
1978 21
1979 20
1980 25
1981 30
1982 17
1983 25
1984 29
1985 26
1986 28
1987 23
1988 27
1989 20
1990 18
1991 21
1992 19
1993 25
1994 24
1995 21
1996 32
1997 15
1998 26
1999 24
2000 24
2001 21
2002 32
2003 28
2004 29
2005 18
2006 36
2007 22
2008 20
2009 24
2010 25
2011 20
2012 27
2013 20
2014 21
2015 21
2016 27
2017 22
2018 24
2019 24
2020 27
2021 27
2022 29
2023 19
2024 22
2025 25
2026 23
2027 21
2028 29
2029 23
2030 25
2031 34
2032 22
2033 23
2034 24
2035 29
2036 33
2037 30
2038 20
2039 22
2040 28
2041 26
2042 28
2043 25
2044 28
2045 20
2046 22
2047 27
2048 26
2049 19
2050 20
2051 19
2052 30
2053 24
2054 20
2055 26
2056 27
2057 22
2058 22
2059 21
2060 25
2061 25
2062 26
2063 18
2064 18
2065 29
2066 30
2067 22
2068 28
2069 32
2070 26
2071 22
2072 27
2073 24
2074 34
2075 17
2076 22
2077 28
2078 21
2079 28
2080 21
2081 28
2082 22
2083 28
2084 27
2085 18
2086 25
2087 26
2088 26
2089 26
2090 25
2091 26
2092 19
2093 20
2094 24
2095 26
2096 32
2097 21
2098 27
2099 20
2100 20
2101 25
2102 25
2103 27
2104 27
2105 18
2106 26
2107 23
2108 25
2109 23
2110 26
2111 22
2112 24
2113 20
2114 17
2115 21
2116 18
2117 23
2118 25
2119 23
2120 28
2121 24
2122 21
2123 22
2124 17
2125 22
2126 23
2127 23
2128 20
2129 17
2130 28
2131 21
2132 21
2133 22
2134 20
2135 20
2136 24
2137 28
2138 32
2139 24
2140 23
2141 29
2142 17
2143 27
2144 19
2145 25
2146 22
2147 20
2148 20
2149 20
2150 20
2151 19
2152 24
2153 24
2154 22
2155 26
2156 22
2157 25
2158 28
2159 14
2160 23
2161 26
2162 19
2163 19
2164 23
2165 20
2166 23
2167 21
2168 21
2169 20
2170 24
2171 25
2172 26
2173 27
2174 23
2175 19
2176 20
2177 19
2178 18
2179 24
2180 23
2181 20
2182 23
2183 26
2184 18
2185 18
2186 22
2187 21
2188 26
2189 29
2190 20
2191 27
2192 19
2193 27
2194 23
2195 26
2196 22
2197 26
2198 21
2199 24
2200 40
2201 29
2202 21
2203 22
2204 19
2205 17
2206 24
2207 29
2208 26
2209 25
2210 24
2211 29
2212 24
2213 27
2214 24
2215 28
2216 26
2217 19
2218 16
2219 24
2220 20
2221 31
2222 27
2223 24
2224 26
2225 24
2226 31
2227 25
2228 28
2229 26
2230 24
2231 22
2232 29
2233 25
2234 25
2235 26
2236 26
2237 19
2238 25
2239 25
2240 19
2241 25
2242 20
2243 29
2244 25
2245 23
2246 20
2247 22
2248 24
2249 31
2250 25
2251 25
2252 19
2253 17
2254 17
2255 23
2256 20
2257 25
2258 22
2259 23
2260 24
2261 20
2262 14
2263 23
2264 26
2265 28
2266 27
2267 19
2268 21
2269 22
2270 17
2271 26
2272 28
2273 24
2274 30
2275 23
2276 27
2277 24
2278 21
2279 24
2280 28
2281 31
2282 23
2283 21
2284 22
2285 28
2286 18
2287 24
2288 19
2289 23
2290 24
2291 28
2292 19
2293 20
2294 26
2295 20
2296 19
2297 25
2298 24
2299 28
2300 21
2301 15
2302 18
2303 18
2304 18
2305 21
2306 14
2307 21
2308 21
2309 27
2310 23
2311 18
2312 17
2313 24
2314 22
2315 29
2316 25
2317 22
2318 23
2319 16
2320 21
2321 18
2322 22
2323 20
2324 20
2325 19
2326 23
2327 25
2328 20
2329 21
2330 21
2331 17
2332 21
2333 23
2334 19
2335 21
2336 25
2337 25
2338 28
2339 25
2340 23
2341 26
2342 25
2343 25
2344 25
2345 18
2346 25
2347 23
2348 26
2349 21
2350 22
2351 22
2352 19
2353 22
2354 23
2355 22
2356 29
2357 26
2358 24
2359 17
2360 20
2361 24
2362 26
2363 20
2364 23
2365 21
2366 20
2367 22
2368 18
2369 22
2370 12
2371 24
2372 23
2373 23
2374 18
2375 18
2376 17
2377 27
2378 22
2379 26
2380 27
2381 25
2382 24
2383 25
2384 24
2385 23
2386 20
2387 16
2388 17
2389 20
2390 20
2391 24
2392 23
2393 22
2394 17
2395 22
2396 26
2397 26
2398 17
2399 16
2400 16
2401 14
2402 15
2403 25
2404 23
2405 21
2406 24
2407 16
2408 18
2409 24
2410 17
2411 23
2412 23
2413 21
2414 24
2415 22
2416 16
2417 24
2418 23
2419 18
2420 28
2421 23
2422 22
2423 16
2424 22
2425 19
2426 23
2427 21
2428 19
2429 25
2430 18
2431 15
2432 19
2433 23
2434 27
2435 18
2436 26
2437 20
2438 15
2439 22
2440 18
2441 25
2442 23
2443 23
2444 13
2445 23
2446 26
2447 17
2448 26
2449 19
2450 22
2451 20
2452 19
2453 23
2454 20
2455 10
2456 19
2457 22
2458 23
2459 20
2460 15
2461 16
2462 16
2463 19
2464 23
2465 22
2466 20
2467 20
2468 22
2469 21
2470 17
2471 20
2472 21
2473 18
2474 17
2475 14
2476 27
2477 24
2478 20
2479 20
2480 21
2481 24
2482 24
2483 21
2484 23
2485 16
2486 20
2487 20
2488 28
2489 24
2490 26
2491 20
2492 22
2493 23
2494 18
2495 23
2496 24
2497 23
2498 23
2499 19
2500 29
2501 17
2502 19
2503 22
2504 19
2505 16
2506 22
2507 24
2508 28
2509 27
2510 22
2511 22
2512 22
2513 16
2514 20
2515 22
2516 19
2517 27
2518 24
2519 20
2520 21
2521 28
2522 25
2523 25
2524 16
2525 25
2526 24
2527 25
2528 24
2529 13
2530 19
2531 27
2532 13
2533 26
2534 23
2535 22
2536 16
2537 23
2538 23
2539 24
2540 24
2541 22
2542 22
2543 24
2544 20
2545 23
2546 23
2547 19
2548 22
2549 16
2550 23
2551 24
2552 20
2553 21
2554 22
2555 23
2556 26
2557 28
2558 24
2559 21
2560 24
2561 26
2562 21
2563 23
2564 17
2565 19
2566 23
2567 17
2568 23
2569 16
2570 23
2571 23
2572 20
2573 24
2574 21
2575 26
2576 17
2577 22
2578 27
2579 24
2580 24
2581 23
2582 23
2583 19
2584 22
2585 18
2586 22
2587 25
2588 24
2589 24
2590 17
2591 20
2592 28
2593 19
2594 24
2595 25
2596 26
2597 27
2598 25
2599 20
2600 22
2601 17
2602 21
2603 25
2604 21
2605 27
2606 22
2607 21
2608 24
2609 27
2610 22
2611 24
2612 17
2613 17
2614 21
2615 16
2616 27
2617 23
2618 19
2619 25
2620 19
2621 16
2622 22
2623 17
2624 24
2625 21
2626 24
2627 19
2628 28
2629 27
2630 16
2631 25
2632 24
2633 21
2634 29
2635 28
2636 32
2637 33
2638 29
2639 26
2640 23
2641 32
2642 24
2643 25
2644 29
2645 13
2646 24
2647 22
2648 18
2649 21
2650 25
2651 23
2652 23
2653 25
2654 28
2655 28
2656 26
2657 24
2658 25
2659 25
2660 17
2661 23
2662 19
2663 28
2664 28
2665 23
2666 27
2667 20
2668 21
2669 16
2670 23
2671 19
2672 29
2673 27
2674 22
2675 24
2676 27
2677 23
2678 23
2679 18
2680 19
2681 22
2682 19
2683 21
2684 18
2685 20
2686 23
2687 25
2688 20
2689 19
2690 24
2691 24
2692 25
2693 24
2694 23
2695 29
2696 29
2697 22
2698 23
2699 21
2700 20
2701 22
2702 29
2703 20
2704 25
2705 22
2706 19
2707 26
2708 27
2709 26
2710 28
2711 25
2712 24
2713 25
2714 26
2715 20
2716 23
2717 20
2718 25
2719 17
2720 28
2721 19
2722 25
2723 22
2724 19
2725 31
2726 23
2727 31
2728 20
2729 30
2730 18
2731 22
2732 22
2733 25
2734 18
2735 23
2736 26
2737 24
2738 17
2739 30
2740 24
2741 25
2742 26
2743 14
2744 27
2745 27
2746 23
2747 21
2748 16
2749 24
2750 29
2751 18
2752 28
2753 22
2754 30
2755 24
2756 28
2757 21
2758 15
2759 20
2760 24
2761 22
2762 21
2763 22
2764 25
2765 24
2766 23
2767 23
2768 17
2769 26
2770 20
2771 21
2772 22
2773 28
2774 22
2775 13
2776 14
2777 22
2778 22
2779 25
2780 17
2781 21
2782 27
2783 21
2784 24
2785 26
2786 20
2787 26
2788 19
2789 21
2790 19
2791 22
2792 25
2793 13
2794 38
2795 26
2796 20
2797 24
2798 20
2799 27
2800 26
2801 16
2802 23
2803 20
2804 28
2805 25
2806 19
2807 23
2808 20
2809 27
2810 18
2811 26
2812 27
2813 24
2814 16
2815 25
2816 25
2817 24
2818 18
2819 19
2820 20
2821 20
2822 28
2823 24
2824 20
2825 14
2826 28
2827 27
2828 19
2829 27
2830 20
2831 24
2832 24
2833 20
2834 17
2835 17
2836 23
2837 27
2838 28
2839 20
2840 33
2841 24
2842 28
2843 23
2844 26
2845 21
2846 20
2847 26
2848 20
2849 23
2850 24
2851 23
2852 26
2853 22
2854 22
2855 22
2856 20
2857 18
2858 17
2859 17
2860 27
2861 25
2862 17
2863 23
2864 19
2865 26
2866 23
2867 17
2868 20
2869 21
2870 20
2871 23
2872 23
2873 18
2874 21
2875 25
2876 24
2877 25
2878 20
2879 16
2880 23
2881 21
2882 21
2883 23
2884 22
2885 12
2886 21
2887 21
2888 19
2889 21
2890 21
2891 20
2892 20
2893 23
2894 26
2895 19
2896 26
2897 24
2898 19
2899 27
2900 23
2901 17
2902 20
2903 19
2904 22
2905 17
2906 15
2907 25
2908 20
2909 22
2910 19
2911 17
2912 17
2913 18
2914 13
2915 27
2916 21
2917 20
2918 22
2919 22
2920 27
2921 15
2922 23
2923 29
2924 21
2925 23
2926 23
2927 22
2928 17
2929 26
2930 16
2931 20
2932 25
2933 22
2934 26
2935 20
2936 23
2937 20
2938 27
2939 21
2940 19
2941 18
2942 19
2943 18
2944 22
2945 18
2946 22
2947 20
2948 21
2949 21
2950 26
2951 23
2952 22
2953 20
2954 21
2955 27
2956 27
2957 26
2958 16
2959 21
2960 21
2961 27
2962 19
2963 23
2964 13
2965 16
2966 18
2967 16
2968 28
2969 25
2970 26
2971 19
2972 22
2973 23
2974 21
2975 23
2976 19
2977 18
2978 22
2979 28
2980 24
2981 28
2982 19
2983 24
2984 20
2985 26
2986 24
2987 17
2988 23
2989 20
2990 18
2991 21
2992 17
2993 27
2994 20
2995 15
2996 22
2997 27
2998 21
2999 20
3000 21
3001 19
3002 21
3003 21
3004 22
3005 19
3006 22
3007 18
3008 20
3009 19
3010 19
3011 22
3012 22
3013 20
3014 23
3015 20
3016 16
3017 23
3018 24
3019 23
3020 25
3021 21
3022 18
3023 15
3024 22
3025 22
3026 20
3027 19
3028 17
3029 22
3030 25
3031 19
3032 20
3033 20
3034 26
3035 21
3036 18
3037 26
3038 29
3039 16
3040 28
3041 17
3042 19
3043 16
3044 18
3045 23
3046 25
3047 29
3048 16
3049 23
3050 20
3051 21
3052 24
3053 23
3054 23
3055 27
3056 19
3057 23
3058 25
3059 19
3060 23
3061 24
3062 22
3063 26
3064 26
3065 20
3066 24
3067 22
3068 24
3069 18
3070 17
3071 23
3072 27
3073 20
3074 23
3075 19
3076 26
3077 20
3078 19
3079 19
3080 17
3081 23
3082 23
3083 16
3084 24
3085 18
3086 28
3087 16
3088 25
3089 22
3090 31
3091 22
3092 23
3093 15
3094 19
3095 18
3096 20
3097 23
3098 17
3099 23
3100 20
3101 23
3102 19
3103 30
3104 22
3105 23
3106 28
3107 22
3108 19
3109 20
3110 24
3111 25
3112 24
3113 25
3114 26
3115 18
3116 17
3117 23
3118 22
3119 19
3120 20
3121 24
3122 22
3123 26
3124 23
3125 24
3126 17
3127 28
3128 28
3129 26
3130 18
3131 16
3132 24
3133 23
3134 28
3135 27
3136 23
3137 27
3138 21
3139 17
3140 22
3141 17
3142 17
3143 24
3144 25
3145 23
3146 21
3147 22
3148 23
3149 19
3150 31
3151 26
3152 18
3153 23
3154 25
3155 19
3156 23
3157 23
3158 28
3159 22
3160 22
3161 23
3162 21
3163 15
3164 20
3165 25
3166 16
3167 26
3168 19
3169 23
3170 29
3171 18
3172 25
3173 20
3174 23
3175 30
3176 24
3177 24
3178 25
3179 27
3180 25
3181 20
3182 33
3183 28
3184 25
3185 25
3186 17
3187 28
3188 22
3189 25
3190 27
3191 27
3192 18
3193 24
3194 19
3195 20
3196 23
3197 15
3198 23
3199 22
3200 22
3201 35
3202 25
3203 26
3204 24
3205 28
3206 16
3207 32
3208 20
3209 17
3210 20
3211 23
3212 26
3213 20
3214 26
3215 23
3216 19
3217 14
3218 27
3219 23
3220 18
3221 20
3222 23
3223 15
3224 19
3225 24
3226 26
3227 19
3228 14
3229 25
3230 27
3231 22
3232 22
3233 20
3234 24
3235 25
3236 20
3237 23
3238 26
3239 15
3240 19
3241 26
3242 15
3243 28
3244 19
3245 17
3246 20
3247 17
3248 22
3249 22
3250 23
3251 18
3252 24
3253 15
3254 19
3255 20
3256 18
3257 16
3258 21
3259 23
3260 19
3261 21
3262 23
3263 27
3264 24
3265 21
3266 23
3267 23
3268 16
3269 24
3270 24
3271 21
3272 18
3273 25
3274 16
3275 28
3276 19
3277 15
3278 24
3279 12
3280 23
3281 31
3282 22
3283 29
3284 22
3285 20
3286 27
3287 26
3288 22
3289 29
3290 27
3291 24
3292 27
3293 23
3294 16
3295 24
3296 23
3297 25
3298 23
3299 23
3300 23
3301 18
3302 20
3303 20
3304 23
3305 24
3306 22
3307 22
3308 22
3309 23
3310 25
3311 32
3312 25
3313 21
3314 19
3315 21
3316 20
3317 18
3318 17
3319 19
3320 18
3321 20
3322 25
3323 18
3324 22
3325 25
3326 15
3327 23
3328 22
3329 24
3330 20
3331 16
3332 21
3333 17
3334 22
3335 21
3336 26
3337 21
3338 20
3339 27
3340 20
3341 31
3342 26
3343 16
3344 25
3345 22
3346 25
3347 25
3348 24
3349 22
3350 26
3351 17
3352 25
3353 17
3354 18
3355 27
3356 23
3357 31
3358 26
3359 21
3360 24
3361 19
3362 15
3363 23
3364 23
3365 26
3366 21
3367 23
3368 17
3369 29
3370 10
3371 21
3372 18
3373 23
3374 18
3375 22
3376 20
3377 15
3378 20
3379 24
3380 19
3381 25
3382 20
3383 20
3384 22
3385 24
3386 28
3387 22
3388 24
3389 29
3390 17
3391 22
3392 22
3393 22
3394 20
3395 24
3396 19
3397 28
3398 23
3399 21
3400 20
3401 14
3402 26
3403 17
3404 25
3405 24
3406 18
3407 25
3408 23
3409 19
3410 23
3411 21
3412 24
3413 25
3414 22
3415 20
3416 20
3417 30
3418 23
3419 20
3420 17
3421 24
3422 22
3423 22
3424 23
3425 23
3426 18
3427 22
3428 17
3429 20
3430 19
3431 19
3432 23
3433 21
3434 23
3435 16
3436 17
3437 29
3438 20
3439 26
3440 22
3441 20
3442 19
3443 17
3444 15
3445 24
3446 18
3447 18
3448 15
3449 17
3450 16
3451 26
3452 23
3453 20
3454 20
3455 25
3456 18
3457 27
3458 19
3459 23
3460 26
3461 21
3462 24
3463 21
3464 18
3465 26
3466 17
3467 24
3468 21
3469 24
3470 17
3471 28
3472 29
3473 17
3474 24
3475 30
3476 23
3477 23
3478 26
3479 19
3480 22
3481 17
3482 20
3483 17
3484 13
3485 13
3486 18
3487 19
3488 26
3489 22
3490 24
3491 20
3492 17
3493 21
3494 22
3495 20
3496 20
3497 19
3498 17
3499 19
3500 19
3501 20
3502 30
3503 23
3504 23
3505 21
3506 33
3507 20
3508 27
3509 15
3510 19
3511 24
3512 26
3513 19
3514 19
3515 22
3516 23
3517 26
3518 22
3519 20
3520 25
3521 20
3522 20
3523 18
3524 25
3525 25
3526 21
3527 26
3528 32
3529 26
3530 23
3531 19
3532 23
3533 19
3534 28
3535 26
3536 20
3537 23
3538 24
3539 23
3540 16
3541 28
3542 24
3543 24
3544 17
3545 28
3546 19
3547 20
3548 16
3549 16
3550 15
3551 17
3552 27
3553 18
3554 25
3555 22
3556 23
3557 24
3558 27
3559 21
3560 23
3561 20
3562 22
3563 24
3564 20
3565 22
3566 19
3567 28
3568 22
3569 25
3570 25
3571 21
3572 32
3573 22
3574 15
3575 30
3576 23
3577 20
3578 19
3579 21
3580 25
3581 23
3582 20
3583 17
3584 23
3585 23
3586 27
3587 19
3588 18
3589 24
3590 18
3591 18
3592 15
3593 21
3594 21
3595 19
3596 25
3597 23
3598 23
3599 23
3600 18
3601 15
3602 27
3603 17
3604 22
3605 26
3606 21
3607 23
3608 21
3609 24
3610 23
3611 22
3612 14
3613 35
3614 22
3615 21
3616 20
3617 23
3618 21
3619 28
3620 20
3621 23
3622 29
3623 28
3624 23
3625 26
3626 23
3627 29
3628 24
3629 28
3630 21
3631 20
3632 26
3633 25
3634 29
3635 24
3636 26
3637 21
3638 33
3639 23
3640 28
3641 23
3642 27
3643 20
3644 20
3645 27
3646 26
3647 16
3648 19
3649 21
3650 30
3651 17
3652 20
3653 29
3654 31
3655 19
3656 21
3657 24
3658 24
3659 30
3660 30
3661 24
3662 27
3663 23
3664 26
3665 20
3666 18
3667 22
3668 23
3669 26
3670 21
3671 25
3672 32
3673 23
3674 26
3675 27
3676 28
3677 22
3678 23
3679 18
3680 21
3681 23
3682 18
3683 22
3684 24
3685 27
3686 22
3687 23
3688 25
3689 19
3690 23
3691 29
3692 15
3693 21
3694 26
3695 26
3696 25
3697 22
3698 26
3699 21
3700 20
3701 24
3702 22
3703 17
3704 20
3705 24
3706 25
3707 23
3708 17
3709 18
3710 16
3711 17
3712 18
3713 17
3714 26
3715 25
3716 18
3717 15
3718 19
3719 23
3720 23
3721 20
3722 20
3723 22
3724 21
3725 16
3726 25
3727 27
3728 22
3729 27
3730 22
3731 21
3732 25
3733 27
3734 21
3735 27
3736 15
3737 24
3738 18
3739 20
3740 21
3741 18
3742 20
3743 23
3744 19
3745 14
3746 23
3747 24
3748 22
3749 20
3750 19
3751 22
3752 26
3753 16
3754 20
3755 15
3756 25
3757 26
3758 22
3759 27
3760 20
3761 23
3762 20
3763 28
3764 20
3765 18
3766 29
3767 18
3768 15
3769 19
3770 23
3771 19
3772 20
3773 19
3774 22
3775 20
3776 25
3777 19
3778 18
3779 25
3780 15
3781 24
3782 19
3783 15
3784 20
3785 17
3786 24
3787 24
3788 18
3789 20
3790 23
3791 13
3792 20
3793 26
3794 15
3795 19
3796 20
3797 18
3798 17
3799 20
3800 16
3801 27
3802 15
3803 26
3804 22
3805 20
3806 18
3807 25
3808 29
3809 23
3810 18
3811 22
3812 22
3813 21
3814 17
3815 22
3816 20
3817 20
3818 23
3819 22
3820 26
3821 26
3822 21
3823 23
3824 24
3825 23
3826 22
3827 23
3828 21
3829 16
3830 24
3831 26
3832 21
3833 26
3834 21
3835 17
3836 24
3837 23
3838 24
3839 22
3840 22
3841 21
3842 30
3843 24
3844 21
3845 32
3846 16
3847 16
3848 21
3849 24
3850 25
3851 23
3852 18
3853 20
3854 19
3855 16
3856 18
3857 20
3858 22
3859 22
3860 25
3861 22
3862 22
3863 22
3864 24
3865 19
3866 28
3867 22
3868 21
3869 23
3870 25
3871 24
3872 17
3873 25
3874 18
3875 25
3876 23
3877 26
3878 19
3879 22
3880 21
3881 22
3882 20
3883 31
3884 24
3885 20
3886 21
3887 23
3888 26
3889 27
3890 20
3891 14
3892 20
3893 20
3894 21
3895 24
3896 18
3897 18
3898 16
3899 25
3900 27
3901 20
3902 26
3903 14
3904 24
3905 20
3906 27
3907 20
3908 20
3909 19
3910 22
3911 32
3912 26
3913 17
3914 21
3915 24
3916 26
3917 21
3918 27
3919 20
3920 26
3921 16
3922 15
3923 23
3924 25
3925 20
3926 24
3927 19
3928 23
3929 28
3930 25
3931 19
3932 18
3933 20
3934 26
3935 20
3936 18
3937 24
3938 22
3939 21
3940 16
3941 19
3942 16
3943 18
3944 27
3945 23
3946 25
3947 23
3948 26
3949 18
3950 30
3951 24
3952 27
3953 25
3954 21
3955 23
3956 20
3957 15
3958 30
3959 17
3960 19
3961 29
3962 23
3963 18
3964 17
3965 14
3966 21
3967 28
3968 25
3969 20
3970 25
3971 26
3972 22
3973 24
3974 22
3975 23
3976 24
3977 25
3978 19
3979 21
3980 30
3981 28
3982 24
3983 17
3984 20
3985 24
3986 26
3987 27
3988 20
3989 25
3990 24
3991 24
3992 25
3993 20
3994 23
3995 27
3996 21
3997 22
3998 20
3999 21
4000 24
